

hidden1:64,hidden2:200,learning_rate:0.002,epochs:300,seed:20
H	0.2857	0.2853	0.286	0.2849	0.286	0.2856	0.0004
C	0.3424	0.3394	0.3426	0.3391	0.3426	0.3412	0.0016
V	0.3115	0.31	0.3117	0.3097	0.3117	0.3109	0.0009
Ari	0.1756	0.1747	0.1758	0.174	0.1758	0.1752	0.0007
Ami	0.3105	0.309	0.3107	0.3087	0.3107	0.3099	0.0009
Nmi	0.3115	0.31	0.3117	0.3097	0.3117	0.3109	0.0009
purity	0.4579	0.4555	0.4582	0.4552	0.4582	0.457	0.0014
accuracy	0.3801	0.3778	0.3805	0.3774	0.3805	0.3793	0.0014
f1	0.3461	0.3445	0.3464	0.3445	0.3464	0.3456	0.0009
precision	0.3645	0.3634	0.3648	0.3636	0.3648	0.3642	0.0006
recall	0.3801	0.3778	0.3805	0.3774	0.3805	0.3793	0.0014
entropy	0.5444	0.4709	0.5444	0.4712	0.5444	0.5151	0.0359
time	329.6401	329.6401	329.6401	329.6401	329.6401	329.6401	0.0
mean list for latex table
'Nmi','purity','Ari','f1','precision','recall','entropy'
0.3109 &0.457 &0.1752 &0.3456 &0.3642 &0.3793 &0.5151 &


hidden1:64,hidden2:200,learning_rate:0.002,epochs:300,seed:20
H	0.3177	0.3191	0.3185	0.3207	0.3201	0.3192	0.0011
C	0.3267	0.328	0.3276	0.3297	0.3291	0.3282	0.0011
V	0.3221	0.3235	0.323	0.3252	0.3245	0.3237	0.0011
Ari	0.2544	0.2559	0.255	0.2573	0.2568	0.2559	0.0011
Ami	0.3212	0.3226	0.322	0.3242	0.3236	0.3227	0.0011
Nmi	0.3221	0.3235	0.323	0.3252	0.3245	0.3237	0.0011
purity	0.4923	0.4938	0.4929	0.4952	0.4948	0.4938	0.0011
accuracy	0.4656	0.4673	0.4669	0.4698	0.469	0.4677	0.0015
f1	0.4741	0.4757	0.4752	0.4803	0.4797	0.477	0.0025
precision	0.5076	0.5089	0.5087	0.5167	0.5161	0.5116	0.0039
recall	0.4656	0.4673	0.4669	0.4698	0.469	0.4677	0.0015
entropy	0.0467	0.0459	0.0467	0.0505	0.0504	0.048	0.002
time	923.2106	923.2106	923.2106	923.2106	923.2106	923.2106	0.0
mean list for latex table
'Nmi','purity','Ari','f1','precision','recall','entropy'
0.3237 &0.4938 &0.2559 &0.477 &0.5116 &0.4677 &0.048 &


hidden1:64,hidden2:200,learning_rate:0.002,epochs:300,seed:20
H	0.2465	0.2479	0.326	0.2509	0.2467	0.2636	0.0312
C	0.2475	0.2488	0.3315	0.2519	0.2476	0.2655	0.0331
V	0.247	0.2483	0.3287	0.2514	0.2471	0.2645	0.0321
Ari	0.1894	0.1904	0.2646	0.1939	0.1882	0.2053	0.0297
Ami	0.246	0.2473	0.3278	0.2504	0.2461	0.2635	0.0322
Nmi	0.247	0.2483	0.3287	0.2514	0.2471	0.2645	0.0321
purity	0.4184	0.4186	0.5067	0.4209	0.4176	0.4364	0.0351
accuracy	0.3774	0.3768	0.4802	0.3795	0.3764	0.3981	0.0411
f1	0.3851	0.3846	0.4911	0.3867	0.3847	0.4064	0.0423
precision	0.3972	0.3965	0.5203	0.3978	0.3973	0.4218	0.0492
recall	0.3774	0.3768	0.4802	0.3795	0.3764	0.3981	0.0411
entropy	0.0083	0.0078	0.038	0.0077	0.008	0.014	0.012
time	444.6804	444.6804	444.6804	444.6804	444.6804	444.6804	0.0
mean list for latex table
'Nmi','purity','Ari','f1','precision','recall','entropy'
0.2645 &0.4364 &0.2053 &0.4064 &0.4218 &0.3981 &0.014 &


hidden1:64,hidden2:200,learning_rate:0.002,epochs:300,seed:20
H	0.3189	0.319	0.3205	0.3208	0.319	0.3196	0.0008
C	0.3278	0.3285	0.3292	0.3295	0.3285	0.3287	0.0006
V	0.3233	0.3237	0.3248	0.3251	0.3237	0.3241	0.0007
Ari	0.2547	0.2526	0.2565	0.2569	0.2525	0.2546	0.0019
Ami	0.3224	0.3227	0.3239	0.3241	0.3227	0.3232	0.0007
Nmi	0.3233	0.3237	0.3248	0.3251	0.3237	0.3241	0.0007
purity	0.4938	0.4925	0.4946	0.4948	0.4921	0.4936	0.0011
accuracy	0.4673	0.4654	0.4679	0.4682	0.4657	0.4669	0.0011
f1	0.478	0.4768	0.4785	0.4788	0.4773	0.4779	0.0007
precision	0.5144	0.5163	0.5145	0.5148	0.5169	0.5154	0.001
recall	0.4673	0.4654	0.4679	0.4682	0.4657	0.4669	0.0011
entropy	0.0493	0.053	0.0484	0.0484	0.053	0.0504	0.0021
time	807.6085	807.6085	807.6085	807.6085	807.6085	807.6085	0.0
mean list for latex table
'Nmi','purity','Ari','f1','precision','recall','entropy'
0.3241 &0.4936 &0.2546 &0.4779 &0.5154 &0.4669 &0.0504 &


hidden1:64,hidden2:200,learning_rate:0.002,epochs:300,seed:20
H	0.2435	0.2435	0.2435	0.2438	0.2437	0.2436	0.0001
C	0.2445	0.2445	0.2445	0.2448	0.2447	0.2446	0.0001
V	0.244	0.244	0.244	0.2443	0.2442	0.2441	0.0001
Ari	0.186	0.186	0.186	0.1862	0.1861	0.1861	0.0001
Ami	0.243	0.243	0.243	0.2433	0.2432	0.2431	0.0001
Nmi	0.244	0.244	0.244	0.2443	0.2442	0.2441	0.0001
purity	0.4153	0.4153	0.4153	0.4157	0.4155	0.4154	0.0002
accuracy	0.3724	0.3724	0.3724	0.3726	0.3724	0.3724	0.0001
f1	0.3808	0.3808	0.3808	0.3809	0.3808	0.3808	0.0
precision	0.3937	0.3937	0.3937	0.3937	0.3937	0.3937	0.0
recall	0.3724	0.3724	0.3724	0.3726	0.3724	0.3724	0.0001
entropy	0.0085	0.0085	0.0085	0.0087	0.0085	0.0085	0.0001
time	389.7252	389.7252	389.7252	389.7252	389.7252	389.7252	0.0
mean list for latex table
'Nmi','purity','Ari','f1','precision','recall','entropy'
0.2441 &0.4154 &0.1861 &0.3808 &0.3937 &0.3724 &0.0085 &
