

hidden1:64,hidden2:200,learning_rate:0.002,epochs:300,seed:20
H	0.0326	0.0338	0.0321	0.0333	0.0318	0.0327	0.0007
C	0.0347	0.036	0.034	0.0356	0.0337	0.0348	0.0009
V	0.0336	0.0349	0.0331	0.0344	0.0327	0.0337	0.0008
Ari	0.0162	0.0172	0.0171	0.0178	0.0172	0.0171	0.0005
Ami	0.0317	0.033	0.0311	0.0325	0.0308	0.0318	0.0008
Nmi	0.0336	0.0349	0.0331	0.0344	0.0327	0.0337	0.0008
purity	0.1877	0.1844	0.1852	0.1876	0.1844	0.1859	0.0015
accuracy	0.1753	0.174	0.1729	0.1744	0.1711	0.1735	0.0014
f1	0.1661	0.1646	0.1641	0.1628	0.1606	0.1636	0.0019
precision	0.1896	0.1876	0.1841	0.1848	0.1803	0.1853	0.0032
recall	0.1753	0.174	0.1729	0.1744	0.1711	0.1735	0.0014
entropy	0.1666	0.1669	0.149	0.1847	0.1749	0.1684	0.0117
time	741.2265	741.2265	741.2265	741.2265	741.2265	741.2265	0.0
mean list for latex table
'Nmi','purity','Ari','f1','precision','recall','entropy'
0.0337 &0.1859 &0.0171 &0.1636 &0.1853 &0.1735 &0.1684 &


hidden1:64,hidden2:200,learning_rate:0.002,epochs:300,seed:20
H	0.4153	0.4159	0.4111	0.4164	0.4083	0.4134	0.0032
C	0.4651	0.4669	0.4602	0.4682	0.4581	0.4637	0.0039
V	0.4388	0.4399	0.4343	0.4408	0.4318	0.4371	0.0035
Ari	0.2219	0.2206	0.2177	0.2194	0.2132	0.2186	0.003
Ami	0.4377	0.4387	0.4331	0.4396	0.4306	0.4359	0.0035
Nmi	0.4388	0.4399	0.4343	0.4408	0.4318	0.4371	0.0035
purity	0.5374	0.5365	0.5333	0.5369	0.5291	0.5346	0.0031
accuracy	0.5216	0.5205	0.5176	0.5205	0.5135	0.5187	0.0029
f1	0.5697	0.5692	0.567	0.5696	0.5636	0.5678	0.0023
precision	0.6986	0.7009	0.6992	0.7014	0.6988	0.6998	0.0011
recall	0.5216	0.5205	0.5176	0.5205	0.5135	0.5187	0.0029
entropy	0.1898	0.1936	0.1903	0.1946	0.1936	0.1924	0.0019
time	1170.5821	1170.5821	1170.5821	1170.5821	1170.5821	1170.5821	0.0
mean list for latex table
'Nmi','purity','Ari','f1','precision','recall','entropy'
0.4371 &0.5346 &0.2186 &0.5678 &0.6998 &0.5187 &0.1924 &
