

hidden1:64,hidden2:200,learning_rate:0.002,epochs:300,seed:20
H	0.2295	0.23	0.23	0.23	0.23	0.2299	0.0002
C	0.262	0.2627	0.2627	0.2627	0.2627	0.2626	0.0003
V	0.2447	0.2453	0.2453	0.2453	0.2453	0.2452	0.0002
Ari	0.132	0.1324	0.1324	0.1324	0.1324	0.1323	0.0002
Ami	0.2429	0.2435	0.2435	0.2435	0.2435	0.2434	0.0002
Nmi	0.2447	0.2453	0.2453	0.2453	0.2453	0.2452	0.0002
purity	0.4882	0.4885	0.4885	0.4885	0.4885	0.4884	0.0001
accuracy	0.4245	0.4251	0.4251	0.4251	0.4251	0.425	0.0002
f1	0.4456	0.4462	0.4462	0.4462	0.4462	0.4461	0.0002
precision	0.5754	0.5766	0.5766	0.5766	0.5766	0.5764	0.0005
recall	0.4245	0.4251	0.4251	0.4251	0.4251	0.425	0.0002
entropy	0.2536	0.2545	0.2545	0.2545	0.2545	0.2543	0.0004
time	271.4643	271.4643	271.4643	271.4643	271.4643	271.4643	0.0
mean list for latex table
'Nmi','purity','Ari','f1','precision','recall','entropy'
0.2452 &0.4884 &0.1323 &0.4461 &0.5764 &0.425 &0.2543 &


hidden1:64,hidden2:200,learning_rate:0.002,epochs:300,seed:20
H	0.2782	0.2556	0.2774	0.2792	0.2524	0.2686	0.0119
C	0.2932	0.2669	0.2925	0.2931	0.2634	0.2818	0.0137
V	0.2855	0.2611	0.2848	0.286	0.2578	0.275	0.0128
Ari	0.1877	0.1688	0.1873	0.1874	0.1695	0.1801	0.009
Ami	0.2839	0.2595	0.2832	0.2844	0.2561	0.2734	0.0128
Nmi	0.2855	0.2611	0.2848	0.286	0.2578	0.275	0.0128
purity	0.5329	0.5109	0.5326	0.5341	0.5097	0.524	0.0112
accuracy	0.4789	0.4568	0.4786	0.4801	0.4556	0.47	0.0113
f1	0.5308	0.504	0.5304	0.5336	0.5036	0.5205	0.0137
precision	0.6576	0.6148	0.6573	0.6558	0.618	0.6407	0.0199
recall	0.4789	0.4568	0.4786	0.4801	0.4556	0.47	0.0113
entropy	0.2487	0.2399	0.2491	0.2403	0.2415	0.2439	0.0041
time	641.1192	641.1192	641.1192	641.1192	641.1192	641.1192	0.0
mean list for latex table
'Nmi','purity','Ari','f1','precision','recall','entropy'
0.275 &0.524 &0.1801 &0.5205 &0.6407 &0.47 &0.2439 &
